7093.70 6879.14
7805.82 5464.37
7358.68 4324.73
8210.38 1206.50
6125.94 9284.97
3508.32 1198.18
837.45 4133.99
6383.56 4679.39
8055.14 5533.12
1913.05 6343.23
9776.91 8494.98
5116.01 6931.53
7613.49 9489.10
4380.47 6871.24
646.61 535.29
7139.55 5332.29
1471.00 2803.08
9257.59 6316.05
8916.37 2620.37
4987.03 5424.75
5252.48 4991.72
69.33 5815.36
299.62 9736.44
6579.05 9507.86
4798.14 3178.87
4447.85 696.06
635.01 3958.11
1255.60 1000.31
6082.20 4971.65
8838.80 2704.72
70.33 4727.07
2541.71 4937.95
703.26 448.42
6523.65 9484.68
9712.93 2168.48
6436.23 7456.13
6360.73 1735.32
8997.13 5401.57
1410.66 3171.74
6512.65 9608.58
4231.22 1147.80
3238.76 318.52
3827.23 2462.03
9621.21 3374.48
7659.05 1373.81
9917.74 5422.83
476.36 3389.25
8481.20 205.08
9074.87 3675.22
69.97 7705.60
7878.49 5660.98
9952.61 4961.67
4556.57 2583.92
286.57 7195.79
4504.27 9745.96
276.16 596.26
7946.40 8069.26
8952.74 3550.51
3668.85 174.62
1070.79 1426.72
8938.41 8653.38
8576.07 1102.80
6041.08 2463.30
2377.63 5357.70
2050.38 1450.99
1743.46 3968.71
9931.56 888.72
1539.56 7899.20
5894.08 7610.07
745.62 5315.11
23.78 6839.18
9205.40 3334.04
4658.21 4130.27
3408.19 7389.83
7712.20 9969.12
6247.80 886.05
6217.78 5535.29
168.66 1415.72
8711.56 6883.62
7883.89 6240.36
3784.26 1376.07
9938.03 8950.10
6101.34 4579.31
3787.73 1267.49
510.32 8041.15
4786.31 8811.32
9469.36 8368.36
5483.68 7302.65
8963.49 5850.87
5991.00 6173.79
3318.89 6512.05
4809.70 9832.00
9882.50 4911.97
6487.51 2933.26
402.90 6290.49
9739.61 4937.27
7130.66 5709.08
7260.56 943.71
8149.93 8735.10
6353.53 350.37
8260.12 2909.76
7715.82 2227.60
8845.34 1750.28
8245.36 6469.56
2601.14 3359.56
2570.57 2760.85
6732.13 3851.03
7156.47 5188.75
1290.55 1743.77
302.71 8934.26
7695.44 3242.91
1124.71 6891.44
6153.20 9892.24
696.95 8292.95
9694.69 9471.01
8937.66 8460.88
6850.81 8204.09
1527.44 8655.15
4607.39 7364.40
2179.30 7658.11
8211.93 168.67
6915.79 2212.27
4648.93 5502.74
8659.17 1719.25
2157.31 3459.34
2403.52 3711.43
9032.06 3931.51
3512.94 523.82
1134.69 3576.81
4278.11 4322.33
9030.39 8352.43
6763.63 7185.43
2477.01 8518.36
3191.64 5289.80
2109.90 515.75
8632.48 1416.65
5598.17 5449.72
4611.09 7973.75
8292.44 7040.78
6388.40 3519.39
6440.32 2856.03
1139.34 9377.91
4415.41 1391.43
9025.32 9352.45
6086.93 4148.45
4245.99 4769.14
4451.57 6233.13
8556.27 9127.91
2955.39 1203.13
5447.04 1488.70
6553.13 5897.82
9213.39 5387.70
483.57 8808.87
9472.46 557.06
9984.13 1183.56
8342.83 8012.09
4724.08 3500.25
4460.77 5173.97
7605.21 1215.26
5283.74 6611.60
8760.46 2752.65
6719.60 7715.06
2074.75 9593.14
7020.25 3153.85
3359.42 3015.77
91.42 9326.89
6430.56 4555.47
1895.65 177.06
5772.97 7562.26
2463.42 8721.71
2216.15 5382.19
5177.75 2441.53
1104.73 7627.90
4460.56 9273.64
815.52 9765.85
2764.41 2370.89
3154.35 2820.05
7861.00 6017.81
6160.72 9376.63
1818.57 2134.56
4154.17 9270.80
3772.80 6654.04
9476.13 3347.81
9621.49 7722.97
5312.10 6511.41
3111.09 3156.54
9223.50 1908.38
4433.53 2867.19
2574.93 6544.73
4414.71 3091.34
1911.95 4889.26
4651.43 3154.47
4525.94 1091.93
6541.36 2242.79
1936.81 2329.81
5051.12 3191.25
1831.02 5490.31
6280.37 2650.99
1111.47 6911.07
1405.22 2165.23
147.34 218.66
3422.16 2661.42
1056.38 442.32
7264.18 5658.05
908.53 3526.76
8323.40 8088.52
4109.01 9127.64
9190.25 4060.11
6900.60 1145.49
9506.92 6094.72
919.12 4838.84
9233.16 439.21
2042.50 1554.32
1335.58 5886.46
5393.24 2121.51
5936.82 3214.40
7285.50 7782.48
4298.96 2828.83
152.39 3160.58
7665.86 1486.72
7045.38 9220.63
2952.06 5080.32
8167.28 5432.09
4541.23 3378.38
3081.52 9419.34
9045.06 4349.28
8734.84 9267.68
7773.86 231.91
5236.99 8351.21
9883.11 4873.65
8460.31 5058.33
7685.42 2020.85
953.60 112.92
4455.41 7225.55
408.85 2324.00
4205.37 1823.58
7976.10 9544.02
2372.39 6042.17
7090.77 5375.60
6133.15 9711.77
7159.48 3738.82
3150.27 3284.75
5444.48 2796.00
7954.78 8905.15
4793.52 6928.07
5881.89 1126.92
4481.11 466.52
5502.80 9543.97
6358.60 9706.99
1833.08 1074.28
8755.02 365.58
4248.67 7930.91
6126.82 6086.06
5003.33 8416.50
3324.12 9865.91
6516.69 1593.86
9522.57 4341.43
8190.20 3613.66
8364.11 8757.09
6408.44 3021.24
7656.52 141.14
4596.16 4718.38
4100.81 3719.78
3726.94 7421.30
5947.18 2924.01
7517.19 7435.29
9224.39 2478.35
689.45 2357.05
1243.96 9007.67
3152.12 1919.29
8449.87 2358.39
7717.98 9608.42
4366.00 7402.21
4071.66 7914.41
7387.71 475.72
7096.78 2113.09
7470.61 6806.13
3386.40 2334.58
5388.66 5283.39
5785.52 1337.63
8165.52 4761.08
2152.65 5888.03
9526.95 1703.29
1177.55 2930.51
4779.01 2441.98
5055.28 7846.79
5385.78 4568.96
6092.13 1008.57
9701.86 1059.12
1906.63 562.94
2809.35 7606.06
1789.72 3928.36
215.32 8348.68
5000.43 7833.12
7285.22 7677.12
299.41 6894.19
8719.06 6128.38
4860.02 3712.82
121.43 6517.22
9847.56 9254.16
6773.27 2394.72
9419.67 882.11
3082.04 4686.97
9676.68 6835.92
9868.87 3938.45
4178.29 164.34
5645.48 4969.53
3043.63 2173.63
2339.90 7954.72
3364.39 5299.29
5549.63 4938.12
9686.24 7977.78
4332.23 3624.64
4651.59 9572.44
5787.60 920.66
1547.31 1699.32
5242.63 7144.61
2463.47 3401.90
3718.54 8088.07
8045.19 1539.72
542.16 6180.18
7407.02 4484.52
457.25 3892.73
9679.90 6758.50
1398.08 2220.85
1873.75 4602.73
1206.86 4583.78
1263.86 7629.87
9008.29 1812.47
4347.36 9693.82
9698.50 7025.76
8566.35 2899.92
8062.32 143.74
7457.18 2282.96
2402.16 547.14
4660.72 5095.98
6243.00 2963.41
7316.44 7881.81
672.68 6045.32
4763.42 6539.78
9182.80 5304.75
4184.34 9454.07
1495.01 2074.66
853.91 1415.81
2789.01 7993.79
6991.05 6549.63
9992.73 144.15
9864.52 1746.65
7351.71 5417.98
6764.70 8208.88
9364.03 3951.13
1729.33 7626.64
348.63 531.73
6499.39 1238.65
6409.01 9777.89
6081.08 4565.57
7361.02 5575.57
7503.34 7961.54
3312.55 7777.37
8885.28 3293.89
3014.51 9485.21
4766.13 39.98
8846.72 6374.86
2800.44 9881.09
6359.03 5467.34
6384.28 7476.70
4656.79 4512.02
7553.64 6518.68
7601.98 4718.61
4583.98 4393.19
4794.91 8959.89
9120.35 5819.46
5608.47 4764.31
8380.33 5687.65
9165.61 6427.44
8997.67 3984.56
8082.96 3393.40
411.86 1173.99
4046.98 2692.22
7360.01 689.85
8846.18 1666.41
2989.57 6303.56
5351.85 3479.63
6386.30 6043.26
9121.42 1972.78
899.59 1070.97
2792.79 4317.48
2547.71 7464.63
2244.38 9614.20
998.30 1205.80
5615.20 9092.23
9145.07 1839.51
3710.41 8890.51
1139.24 8251.49
3062.35 9533.70
2884.96 798.72
973.45 7164.69
3470.64 7633.29
5236.65 354.57
783.54 9474.91
9910.60 2883.65
9642.88 6316.52
2521.02 7271.43
6187.24 1588.00
7366.31 6031.14
7964.64 4156.93
4224.52 7633.82
5199.32 6210.86
1690.50 1989.54
5047.08 5544.63
9616.31 5887.86
7301.33 4066.80
5684.34 2287.03
6974.97 443.10
7011.97 8601.12
6458.66 3710.60
8868.12 8206.67
7543.81 6425.01
9076.23 6275.05
1499.10 444.40
8484.88 5734.02
3602.17 5806.19
5006.21 1671.89
7053.57 3320.24
1154.26 2819.76
38.02 4479.53
2759.21 6882.21
8848.01 8080.65
9590.28 2434.00
9448.47 1550.21
6989.14 3860.08
9635.56 6388.93
1297.36 7388.75
4031.67 1373.91
855.57 5652.03
4558.05 4200.65
8658.52 5405.17
9740.15 2099.52
2369.62 8046.61
7225.86 4627.99
2329.87 5402.05
5234.49 7317.92
8440.56 3871.09
305.27 3148.42
2355.41 8482.26
676.52 9918.48
2287.32 4661.74
6902.27 5509.25
3916.24 9593.63
3901.08 9754.64
2378.96 6934.34
1531.95 1179.75
7128.27 8340.72
4005.34 9220.34
3568.06 2781.57
1962.56 7702.28
2802.41 9924.34
4894.79 3338.79
3581.25 7023.60
5723.22 3794.00
8581.34 9685.02
3824.97 3465.05
530.79 5638.67
7564.42 1550.83
2366.95 7227.25
2478.00 6204.15
9611.36 2700.15
6660.32 605.03
2452.53 8601.00
612.93 1646.19
9646.09 5546.60
4841.96 9588.23
6273.65 7516.99
4829.06 7520.00
2645.90 411.43
9650.38 2751.16
2191.94 9072.33
7481.15 8366.99
2046.21 3238.70
8498.80 2091.94
1225.76 1963.21
3285.75 1336.64
7785.06 2911.69
2732.81 7844.23
8141.81 7660.93
3657.64 2705.33
8886.75 6620.73
2877.73 2677.07
3821.77 7528.13
1315.32 1719.96
6715.02 9596.82
8862.18 7457.68
3318.08 1351.56
194.89 867.93
4559.84 3937.76
1506.87 8929.05
6512.75 3268.09
8211.06 4175.13
1721.91 3753.16
4067.74 2153.70
793.52 3560.41
2904.68 7633.43
2758.87 6355.02
5122.47 3075.29
7661.21 7299.15
2515.49 8359.24
5057.36 1720.41
6589.45 9049.50
7682.40 3307.75
7519.54 1584.72
394.87 4952.80
3168.24 7695.95
701.60 9426.86
170.04 7083.15
8655.61 8968.60
1990.60 6922.52
726.74 2554.70
2080.78 9130.17
4364.32 7135.50
3771.21 1473.75
7402.33 4439.98
2391.36 6602.24
9202.15 8089.12
9246.98 3854.86
8484.10 6703.99
1553.00 2314.04
6168.65 7454.64
7194.23 9982.88
229.34 1068.31
8274.19 3196.36
3553.96 3699.81
2812.60 2416.62
5116.96 3264.83
9665.24 5415.90
9385.24 7846.04
7764.93 6516.87
8811.26 1604.57
7120.68 1038.78
9511.33 9264.09
5662.00 7388.44
783.65 3681.83
2978.68 5339.08
4989.96 2280.92
9281.36 7955.68
5506.13 7190.37
5496.46 6354.19
6941.16 824.21
8309.13 1022.97
3630.85 3327.99
2180.88 788.29
9531.35 831.23
8894.07 671.71
5069.64 3766.22
4013.11 2865.80
4251.89 2648.51
8802.72 845.50
8387.62 4661.69
5606.59 5236.15
1156.28 8148.92
4464.87 1474.94
3425.00 3685.58
8837.25 3531.48
5220.01 9792.75
8698.32 4993.65
6561.05 8547.89
9985.12 8678.94
8487.21 1359.30
402.05 8597.15
534.34 7993.01
2926.26 3568.97
1168.06 2575.54
6.81 96.03
3233.40 8743.20
3414.29 3181.31
7351.05 2368.50
6972.25 7715.13
2371.65 4366.40
1990.41 9770.15
3494.24 7967.79
8119.54 6690.08
5460.90 4545.19
5560.94 7210.07
359.47 9584.97
8088.79 8013.03
6997.32 5723.18
181.71 1104.35
1553.61 2896.24
5709.97 7178.87
7274.00 6605.63
87.97 3757.07
4340.93 4055.01
2576.72 3283.72
9734.20 4490.67
509.24 5610.78
890.75 4461.02
2611.93 1327.07
6279.26 907.87
4307.96 7251.11
624.14 5012.39
3914.23 3069.26
2445.30 7540.49
4981.04 8579.97
6824.12 2067.36
6674.40 4295.86
6862.78 5908.26
1063.40 4258.95
3173.11 9842.09
3450.80 8840.37
1912.94 6786.96
9472.58 7024.31
8381.86 6471.28
592.88 2217.02
4995.19 7841.62
7833.39 2975.35
9573.85 3457.99
2101.81 215.01
2319.58 449.66
8321.80 5437.57
7589.24 739.35
9717.32 305.98
9638.23 9190.79
8066.99 6502.19
9872.50 2094.68
5519.77 6216.03
6830.11 9979.97
3650.73 7843.64
9107.61 8122.54
5836.58 8514.04
5752.82 5320.24
9743.08 4916.62
8265.13 6513.37
7742.04 6567.82
3275.79 7651.73
4413.58 1134.15
5224.96 1844.15
1939.51 9719.52
3908.77 4273.72
6156.79 1128.34
2639.05 9621.80
8315.21 8032.09
8939.68 9815.93
171.53 4695.30
1198.00 1801.73
2952.53 5458.10
1496.02 4736.01
3932.53 5525.88
6965.68 3508.23
7895.97 782.71
9443.68 819.46
4593.96 1323.67
5945.85 3183.14
7453.82 4192.16
537.45 7158.73
3263.52 4411.95
1545.01 889.51
7328.55 9819.53
6737.10 2587.97
3686.35 4431.08
3095.26 1996.64
5364.04 7119.16
7103.22 3050.13
5377.91 7227.89
6101.60 5973.22
5198.74 6421.39
1186.83 4872.72
3744.62 6538.64
7377.38 2515.03
6613.66 6519.16
7326.76 7429.08
2231.54 7567.16
732.17 9733.80
8864.50 4638.06
2769.04 1161.54
4036.13 4059.67
1376.12 1633.84
5786.77 1641.31
5022.18 9443.03
3427.08 2977.86
9704.71 4602.86
3963.06 7821.35
6362.47 5253.86
9207.24 3371.83
7628.10 5143.69
7741.54 7129.49
5903.40 6150.03
5359.93 8554.37
3109.17 3573.44
7394.65 195.24
6143.22 3499.77
6417.36 3178.27
1074.08 916.54
9207.20 8986.92
3404.72 4464.85
7590.57 9318.04
1359.75 8718.41
8782.76 8465.03
4081.22 7703.15
2199.63 8157.83
6862.02 4006.13
1357.58 3079.95
1103.01 6269.17
1443.47 6386.88
7548.71 4122.89
5410.96 8465.65
7538.12 3688.89
4048.12 8904.29
8501.67 8662.47
8361.22 1180.78
6741.50 1685.76
5832.64 1934.42
2651.72 8230.75
5636.29 1848.93
966.86 534.13
1731.65 3154.75
1370.75 2260.33
6908.03 9549.35
2854.98 5516.84
5313.65 7937.53
8584.86 605.20
5779.24 7810.00
6712.74 5463.59
3334.09 3306.96
6572.69 6141.83
1712.56 5054.23
8996.80 1846.39
5362.28 3713.35
4113.08 8103.33
5490.23 4852.76
9916.09 9408.99
1021.29 5225.84
145.88 8373.13
1993.77 3832.60
567.18 1806.56
9879.70 7245.31
8610.30 5464.89
6592.72 7594.32
2516.44 8232.44
1534.55 3338.96
2624.55 3415.11
3931.39 7489.30
9243.28 9508.20
5924.23 5298.15
8671.04 5314.98
402.81 3608.61
1358.33 4614.00
6410.65 7021.13
3951.16 3708.15
4098.84 1834.90
10.73 1135.36
669.61 7322.05
2573.61 2580.86
8525.51 5309.02
5398.62 5603.25
6928.43 3268.06
8740.43 8171.02
8872.75 3162.88
9796.74 2203.90
5589.96 8145.80
7594.85 8322.86
2127.44 1870.06
7015.41 834.89
8781.98 659.06
6894.82 2613.68
4818.96 7065.84
2704.79 7984.18
2871.13 4459.04
5176.50 7979.25
4686.19 6188.12
2418.52 6408.50
1480.31 9608.81
4571.66 7064.37
5055.15 4790.82
6850.87 2087.79
9048.75 83.56
8943.03 9025.31
3216.20 1881.32
6161.43 9432.23
7473.68 3908.16
501.80 5010.54
6590.01 2133.58
7801.30 8218.31
872.78 5033.65
571.12 3046.34
2971.24 5328.34
4754.99 8230.68
6006.41 8554.10
2659.88 9553.98
3639.01 5872.09
3612.06 86.20
8398.65 3365.58
8510.66 7224.80
623.37 7746.39
4382.46 3216.79
6696.31 8868.64
286.05 1479.98
1916.62 2738.95
6469.76 4487.72
304.91 4816.00
4557.29 241.47
918.61 2308.22
7716.27 3427.75
7840.64 5906.88
6259.37 4240.54
8905.23 5932.94
5934.11 2547.87
6437.52 5229.59
3276.60 7590.74
1808.96 1298.18
4836.31 3725.02
4448.63 3154.06
4822.74 851.61
5100.58 4169.62
8781.99 4127.48
2580.64 775.59
9279.77 1309.87
3061.22 8307.34
3249.71 7658.44
1000.60 9511.73
9659.32 7704.51
1233.69 8270.99
453.04 394.30
2454.04 953.53
7350.84 9122.43
3342.19 467.68
2012.32 994.33
3933.59 3572.95
7320.61 291.24
6469.46 294.22
3096.89 9558.16
1936.97 5387.93
425.55 7995.63
780.50 5725.36
4951.59 907.72
8853.60 4186.56
1006.04 5844.02
2581.75 199.43
5221.84 770.21
518.74 9412.15
421.69 7111.93
2005.03 153.05
7991.14 5838.58
7474.36 2310.50
9694.15 7888.78
9105.07 5056.52
7945.22 1186.21
4975.71 3441.20
6921.08 5254.52
4659.85 301.26
5576.83 1012.17
9282.68 9154.22
7625.29 7712.76
4462.78 5791.10
2845.22 1193.87
274.98 1133.70
8703.07 7606.97
8395.72 5588.82
1204.43 4623.40
2930.34 5610.14
9135.92 7746.17
8071.96 6469.50
6414.36 2804.32
2704.54 1342.87
3129.58 6966.91
9338.21 5732.39
7048.80 9685.33
2352.60 7974.15
3844.49 1857.87
8424.68 1122.70
6114.42 6207.52
230.02 8856.55
8381.78 4373.79
3032.28 8214.99
7694.70 6541.62
2613.19 4955.21
7188.80 7565.21
2145.99 3109.56
3033.06 9491.87
5078.02 8926.36
3548.26 4150.67
863.54 793.67
2969.08 1043.14
475.91 973.99
1315.03 5157.81
9028.38 2018.87
6141.91 6527.76
3545.98 585.84
1564.77 8360.09
4956.00 4046.18
4875.02 3388.62
4702.81 750.59
1318.25 8735.51
8042.81 3110.64
3156.24 8015.27
8038.60 3757.68
5.60 5674.04
6546.38 8956.73
3627.19 2629.32
1078.89 181.28
1834.52 4160.29
9326.36 4296.35
2996.21 695.92
6330.87 5150.08
4726.40 9657.90
2835.01 4540.79
7788.83 1837.79
7163.39 8504.37
8984.57 8922.34
7146.37 5658.32
4849.71 9728.39
3057.63 7942.05
1358.65 1468.55
7313.29 509.00
3510.39 8940.73
1767.64 6755.06
2669.03 8920.11
8841.19 6508.13
8836.65 9228.48
8429.66 257.86
9655.69 1966.44
8567.73 9970.10
7869.66 8215.85
4159.43 7509.44
4215.20 7154.52
4737.46 4984.04
3274.98 5972.92
9176.40 7430.54
5690.25 8241.85
2560.46 7172.92
1313.46 7452.81
7994.04 917.50
4375.41 9337.11
4044.00 5187.59
3548.10 1267.44
6715.20 3054.43
6903.61 9555.06
3386.44 5287.45
4200.94 5778.27
4971.71 2025.19
6676.95 1412.36
1722.21 6859.16
7573.99 5978.76
7547.13 3826.76
5006.30 7690.70
7507.13 9225.01
2448.41 7144.93
3221.80 4385.58
1123.50 3994.01
1333.05 2592.63
2875.77 3730.72
879.33 3178.38
1730.33 6726.10
6460.78 8497.38
7275.73 4484.68
5413.37 4959.09
3248.25 8715.48
8860.60 7589.14
253.91 7264.44
8473.98 8693.44
2433.06 7213.75
3049.20 5115.08
4054.29 9525.79
1592.47 5302.71
3518.43 1494.32
2512.18 6949.83
9059.97 2962.55
1723.81 8318.25
2552.51 9777.78
6001.24 1524.72
5256.51 3274.20
1745.86 4048.38
2091.50 7710.75
3495.00 5507.70
9071.88 8537.49
954.12 359.10
1914.39 3124.51
8112.67 3585.32
2506.95 2158.83
3091.42 5670.35
3922.87 4300.23
2769.41 5198.54
3970.85 8883.86
1951.42 2269.20
1890.53 1467.10
2862.72 3583.80
2734.94 4840.93
7095.00 541.67
9225.22 3760.16
8778.67 4970.90
1419.76 5094.83
4718.66 3224.68
409.00 6364.21
4507.17 8289.45
3428.80 4687.59
1213.93 1279.69
4279.31 5070.53
1155.35 8235.10
4743.20 1642.65
9456.91 5489.62
9815.76 7972.75
6648.00 7047.53
1991.60 2909.22
